4 7
4 8
4 9
4 10
4 11
4 12
5 6
5 7
5 12
5 13
6 5
6 6
6 13
6 14
7 5
7 14
7 15
8 5
8 15
8 16
9 5
9 16
9 17
10 5
10 17
10 18
11 5
11 10
11 11
11 12
11 18
11 19
12 5
12 6
12 12
12 19
12 20
13 6
13 7
13 12
13 13
13 14
13 20
13 21
14 7
14 8
14 9
14 21
14 22
14 23
15 6
15 7
15 10
15 12
15 13
15 14
15 20
15 21
16 5
16 6
16 10
16 12
16 14
16 19
16 20
17 5
17 10
17 11
17 12
17 14
17 18
17 19
18 5
18 17
18 18
19 5
19 16
19 17
20 5
20 15
20 16
21 5
21 14
21 15
22 5
22 6
22 13
22 14
23 6
23 7
23 12
23 13
24 7
24 8
24 9
24 10
24 11
24 12
